[90.   3.8  0.3 50.   1.8] 55.94862921058042
[94.5  3.8  0.3 50.   1.8] 55.948041737687824
[90.    3.99  0.3  50.    1.8 ] 56.093859538470895
[90.     3.8    0.315 50.     1.8  ] 56.016669677264794
[90.   3.8  0.3 52.5  1.8] 55.9577999393291
[90.    3.8   0.3  50.    1.89] 55.98990536957436
[91.8    3.61   0.306 51.     1.836] 55.74369583400949
[92.7    3.42   0.309 51.5    1.854] 55.34035773041258
[92.88    3.648   0.2886 51.6     1.8576] 55.75780008625202
[94.032    3.5872   0.29904 52.24     1.75464] 55.72314697242122
[95.6448    3.50208   0.298656 49.636     1.826496] 55.51082514159849
[97.90272    3.382912   0.2981184 51.9904     1.8370944] 55.214902420465975
[101.85408     3.174368    0.2971776  52.9856      1.8556416] 54.547926757618654
[96.344352    3.1326592   0.29698944 53.18464     1.85935104] 54.376053676758694
[97.266528    2.7989888   0.29548416 54.77696     1.88902656] 53.9454265818669
[99.7189632   2.94505472  0.3111431  52.855424    1.81432166] 54.01888462201289
[100.84174848   2.74899661   0.30554435  52.4615936    1.94115433] 54.14711026633755
[101.30772787   2.53288325   0.30868368  56.19583104   1.91516166] 54.703112808095156
[107.69561902   2.26011655   0.29821316  56.21016346   1.91212233] 56.017842054840365
[96.44890476  3.13002914  0.30630329 52.67754086  1.86853058] 54.349411955134485
[97.1443619   3.38609166  0.29757732 50.10701635  1.83230823] 55.22415074088922
[100.26688638   2.74618535   0.30590709  54.67362737   1.8944483 ] 54.104718241042264
[95.96313233  2.57333385  0.3125752  53.99245833  1.90735098] 54.60591577535278
[100.38134308   3.02410946   0.301027    53.23731458   1.86856894] 54.095836598765885
[102.9412829    2.57530484   0.30133899  54.52442696   1.89447734] 54.555141401764686
[98.07199929  2.99134806  0.30506221 53.13926239  1.87501727] 54.004692292221804
[97.4405395   3.05327795  0.30190508 55.01144173  1.79539877] 54.311768705735155
[99.99144624  2.82506694  0.30463453 53.09905563  1.90471544] 53.93652826397485
[97.90522554  3.08764184  0.30103331 52.16957928  1.84621165] 54.289455463768235
[99.67647117  2.83154947  0.30468865 54.04761534  1.88238914] 53.88546603866362
[97.50882008  2.73269374  0.30737806 53.93001236  1.87761909] 54.11510396890053
[99.66321233  2.95125553  0.30261477 53.41048903  1.87083148] 53.92373169919472
[98.14889961  2.81422881  0.29385062 54.53392896  1.95447029] 54.04512248235017
[99.3264473   2.91234824  0.30681998 53.27505024  1.84935882] 53.91048387851327
[100.29764272   2.73633553   0.30063462  54.30440571   1.8835113 ] 54.10508229969861
[98.62841015  2.92759493  0.30395532 53.43054822  1.87714078] 53.92173521588549
[101.64786688   2.98013725   0.31360114  52.12814338   1.8647477 ] 54.00106274996572
[98.36186272  2.84427591  0.3000134  54.11475585  1.88295685] 53.87390541232316
[98.27111523  2.96174269  0.30260232 54.21232784  1.84035539] 53.98572697203154
[99.56136348  2.85923588  0.30412648 53.37737368  1.88862543] 53.88544188774553
[98.5586096   2.79874624  0.30522677 53.8876483   1.88135693] 53.956775786262206
[99.38706165  2.91312821  0.30326777 53.52977885  1.87346284] 53.89353833305728
[99.89687238  2.81662016  0.30361119 53.90728137  1.87357645] 53.90935666718197
[99.42700526  2.79357561  0.29946301 54.3156718   1.91104546] 54.01410000091282
[99.35158679  2.88265508  0.30498074 53.53520563  1.86478048] 53.88416655136407
[98.63846595  2.91571767  0.30321962 53.53461037  1.88330944] 53.91067914069574
[99.58227077  2.84139453  0.3035133  53.81411362  1.8760097 ] 53.88054830293589
[99.22636033  2.79051615  0.30366126 54.0258468   1.8844418 ] 53.97683703329989
[99.34688632  2.88247519  0.30336614 53.65379584  1.87620758] 53.90057871836068
[98.97206675  2.84283522  0.30176335 53.96443473  1.87948327] 53.875962453698634
[98.85672476  2.8634655   0.30249707 53.82498074  1.87386866] 53.86908357838727
[98.9616131   2.8517559   0.30206994 53.74606477  1.88579114] 53.89053145967241
[99.01916694  2.83791269  0.30235103 54.08118559  1.88267299] 53.891422201726044
[98.87446218  2.87870206  0.30164058 53.82226735  1.87820984] 53.89722851152161
[98.79411152  2.81739603  0.30183733 54.07030132  1.88369932] 53.92536487548027
[98.85437452  2.86337555  0.30168977 53.88427584  1.87958221] 53.86732284873558
[98.58348979  2.86837054  0.30086239 53.73261917  1.87799986] 53.899593590623496
[98.91024766  2.84552716  0.30197887 53.99404399  1.88150471] 53.88165628509367
[98.62049746  2.85203584  0.30110705 54.16693169  1.87316715] 53.863414303433636
[98.44993963  2.85217581  0.3006256  54.37736516  1.86685515] 53.864164408666525
[98.55596282  2.86086806  0.30084939 53.98810755  1.87411855] 53.867866795283106
[98.32770216  2.87077312  0.30069932 54.02718594  1.87399409] 53.89034653492052
[98.8109756   2.8498197   0.30149734 53.98012253  1.87811098] 53.879920135231515
[98.73743599  2.8577057   0.30139841 54.02560377  1.87637468] 53.8773490590369
[98.58823014  2.85645195  0.30097822 54.07751962  1.87364285] 53.869942554925004
[98.73861111  2.85775067  0.30180206 53.99595622  1.8735179 ] 53.87054167222929
[98.49118009  2.84815588  0.30056023 54.14084377  1.878062  ] 53.87949504183477
[98.7962821   2.84743553  0.3014352  54.06568321  1.87632521] 53.87962178739945
[98.47409981  2.86140448  0.30090318 54.09705881  1.87358062] 53.867846614610826
[98.77236971  2.86598358  0.30191534 54.00438427  1.87005128] 53.87691730412838
[98.5400873   2.85974491  0.30128393 54.11113648  1.86920924] 53.872734585324054
[98.41224061  2.84897156  0.30051443 54.17505686  1.87519582] 53.881417010697945
[98.68233744  2.86173057  0.30156512 54.04705242  1.87133742] 53.88416670596857
[98.54729863  2.85672016  0.30100512 54.13199525  1.87337388] 53.869579137554396
[98.6043638   2.85424389  0.30104263 54.12222566  1.873405  ] 53.86756116494036
[98.67955428  2.85489325  0.30145455 54.08144395  1.87334252] 53.864163742095684
[98.58029238  2.85589037  0.30119549 54.13903409  1.87118819] 53.86636770505003
[98.69643358  2.85900971  0.30151119 54.08565798  1.87160921] 53.86263325673575
[98.72515797  2.85370907  0.30151925 54.1061221   1.87171095] 53.86926241612407
[98.68069313  2.85446184  0.30139072 54.11259039  1.87212668] 53.86478096156743
[98.69862454  2.85627251  0.30162097 54.11203758  1.87116851] 53.873610079131225
